0.804529
0.149113
0.576037
0.867733
0.911557
0.614704
0.727683
0.0432142
0.667776
0.976531
0.315012
0.569201
0.305826
0.173925
0.108554
0.869045
0.851222
0.744316
0.154881
0.326914
0.0793481
0.0766015
0.64098
0.820002
0.545091
0.448256
0.408979
0.298746
0.46556
0.501206
0.152654
0.323038
0.737999
0.313883
0.826685
0.959075
0.873348
0.725028
0.300058
0.943999
0.127232
0.0657369
0.784967
0.524583
0.609638
0.956114
0.0722678
0.875637
0.653859
0.322123
0.104801
0.505051
0.227088
0.290292
0.91998
0.551164
0.662801
0.114536
0.492538
0.379131
0.496811
0.793359
0.509262
0.382366
0.688162
0.532151
0.606281
0.395184
0.00589007
0.707877
0.10062
0.623066
0.863247
0.491501
0.747337
0.496902
0.380108
0.785363
0.552812
0.357097
0.955718
0.630848
0.17658
0.374248
0.131626
0.743278
0.95172
0.611988
0.0278329
0.329844
0.0559099
0.63921
0.131626
0.847072
0.864315
0.596881
0.721641
0.853969
0.0146794
0.126469
0.707907
0.617145
0.217566
0.0659505
0.16892
0.624104
0.340983
0.319407
0.367565
0.661
0.802393
0.806879
0.526536
0.611103
0.798181
0.900601
0.14481
0.630177
0.402417
0.2537
0.13654
0.85519
0.0661641
0.427808
0.573351
0.302286
0.548051
0.225562
0.31135
0.11063
0.808039
0.134709
0.284249
0.78811
0.89523
0.789636
0.743797
0.615223
0.361126
0.856655
0.228492
0.863582
0.229438
0.24955
0.542405
0.984832
0.0538041
0.0814234
0.524674
0.426801
0.0946684
0.258797
0.891537
0.232765
0.14655
0.125095
0.931639
0.0801111
0.0470901
0.0587176
0.336406
0.914701
0.398602
0.432783
0.946165
0.837184
0.534227
0.842097
0.693533
0.397687
0.259163
0.00433363
0.52559
0.954802
0.398694
0.241096
0.585559
0.255135
0.684011
0.94528
0.435499
0.890225
0.00717185
0.940977
0.60155
0.786157
0.576678
0.14243
0.222327
0.383007
0.00427259
0.41792
0.0822474
0.659932
0.855098
0.0648518
0.81106
0.662069
0.691488
0.802698
0.530137
0.685629
0.142766
0.689505
0.727897
0.777734
0.0310678
0.868679
0.64452
0.706565
0.0854518
0.551988
0.947905
0.0587787
0.274972
0.145177
0.98178
0.619983
0.292245
0.922483
0.367534
0.69454
0.218635
0.155919
0.240547
0.521439
0.90228
0.106418
0.902646
0.441725
0.0801111
0.782098
0.171789
0.974395
0.775872
0.870388
0.210639
0.456618
0.00375378
0.750633
0.114048
0.404706
0.311136
0.992615
0.0385754
0.252083
0.189276
0.247688
0.153508
0.620319
0.885372
0.939085
0.195654
0.779656
0.645558
0.656758
0.909146
0.455458
0.921293
0.664174
0.150761
0.636341
0.569536
0.42204
0.943022
0.540574
0.57857
0.536454
0.255287
0.396954
0.350261
0.0366222
0.795251
0.196509
0.0702841
0.389416
0.590747
0.070925
0.197668
0.155889
0.644337
0.454329
0.604297
0.697348
0.441298
0.684469
0.396527
0.835719
0.592212
0.199591
0.949461
0.876003
0.391705
0.987457
0.185308
0.895718
0.57445
0.442061
0.627338
0.708518
0.0496231
0.285562
0.260201
0.407636
0.895321
0.710196
0.728446
0.896054
0.393567
0.397412
0.903867
0.308603
0.388104
0.570574
0.353557
0.733696
0.745354
0.736381
0.739433
0.139317
0.200171
0.272591
0.680441
0.91113
0.36784
0.517655
0.109378
0.907437
0.20307
0.51796
0.654836
0.43852
0.687643
0.0904263
0.0795618
0.0757775
0.0278024
0.355083
0.30723
0.697287
0.142674
0.394848
0.0678426
0.675741
0.724937
0.198706
0.694021
0.615711
0.654897
0.543992
0.0983001
0.545366
0.0496231
0.974578
0.464034
0.96997
0.727866
0.530961
0.679922
0.692801
0.372112
0.388623
0.0499588
0.809778
0.169561
0.0608234
0.310556
0.784478
0.21247
0.321909
0.484664
0.00915555
0.439863
0.507859
0.605945
0.758538
0.401074
0.349803
0.842647
0.94232
0.62331
0.997284
0.0534684
0.562853
0.863552
0.386761
0.306406
0.284219
0.0267037
0.612568
0.391186
0.0186163
0.0310373
0.455702
0.857936
0.936766
0.401898
0.727287
0.611591
0.808374
0.875423
0.582598
0.595019
0.0790124
0.793176
0.462203
0.590625
0.589435
0.569201
0.816065
0.67275
0.343577
0.0102237
0.267312
0.341563
0.232093
0.77102
0.371746
0.869869
0.116855
0.725578
0.628925
0.893948
0.18302
0.535569
0.902005
0.780084
0.965209
0.197363
0.901547
0.797418
0.953398
0.848811
0.890347
0.628712
0.185461
0.616932
0.264992
0.250649
0.7322
0.78811
0.170934
0.713889
0.480941
0.0814844
0.806543
0.855342
0.124638
0.307474
0.573321
0.472976
0.762047
0.19187
0.727775
0.995025
0.0153508
0.647633
0.691641
0.174139
0.0721152
0.274972
0.676626
0.838923
0.556658
0.371227
0.779504
0.232521
0.638234
0.231666
0.204596
0.971038
0.281747
0.0228889
0.769219
0.15183
0.046968
0.00924711
0.348582
0.64388
0.343242
0.414563
0.416517
0.0906705
0.545183
0.699271
0.337992
0.657521
0.876247
0.535478
0.570025
0.0539872
0.465773
0.259987
0.426801
0.863338
0.486587
0.0874355
0.565813
0.709403
0.778466
0.864223
0.850551
0.293008
0.864376
0.644917
0.746849
0.828639
0.765618
0.871914
0.908322
0.912534
0.521958
