541
18967
6834
7000
19669
16224
11978
9858
7462
4964
6205
8645
3781
17327
10461
991
3495
12442
5327
5936
12891
15104
4402
653
792
12882
17921
19216
20218
20395
5947
2226
15271
12038
2369
20412
6167
6799
17535
10394
9203
4311
11822
10833
18173
5164
15641
8211
8753
7368
6047
8144
13162
13257
537
13359
9223
10241
8029
1278
12816
3535
2690
2342
788
10606
9540
9442
19764
3148
7946
4305
16390
7229
4870
15850
15506
11601
4893
4048
20129
13123
4584
20454
19256
12340
5466
7876
14431
6808
17444
12939
5126
11823
6037
2038
16618
2582
3429
17041
5333
11615
5139
10158
3204
10430
14477
2806
12173
2886
5521
9245
7424
19572
6770
6329
7277
16073
5597
17012
4486
13790
9661
19136
2855
5267
4155
16074
4531
12552
7850
1650
17441
2224
14466
3930
11607
10691
18507
11837
15957
12787
8253
10883
15445
9409
12709
10258
4721
19088
6922
5446
8006
13530
16913
9668
1400
13091
19262
2155
17910
6859
8124
1037
2048
6983
8095
4541
4102
4850
10791
11336
9874
11520
5096
4521
7848
3699
20168
4984
8781
5234
553
2499
6918
8438
7400
4288
18627
967
4228
15393
5148
2983
18307
2921
14810
7117
3313
10014
14809
8116
19435
17951
1100
5749
17019
12056
3298
10803
6724
11508
6344
13109
15489
13202
3695
985
3593
14843
11023
2087
9814
10003
7948
5700
13958
7118
1080
20296
15298
15781
20089
1298
8509
7657
972
4122
19038
12792
6538
4679
18690
10157
8458
6691
20315
3388
19656
12011
16702
3134
4772
555
828
3146
